9 19
13 4
22 4
11 12
10 21
19 17
7 20
2 4
20 6
3 13
7 13
18 3
2 12
3 19
5 14
14 16
10 2
18 9
4 4
8 17
20 3
14 12
20 21
15 4
21 3
2 1
10 16
2 20
11 9
7 12
8 15
22 6
5 7
11 11
7 21
16 8
1 4
9 14
12 3
18 11
14 14
2 16
10 5
6 22
13 14
18 5
18 20
20 14
12 2
5 22
18 22
7 3
6 4
1 12
3 10
1 15
8 13
16 18
2 13
17 10
21 12
7 2
12 16
11 9
19 18
4 21
17 11
2 3
21 17
16 11
20 11
1 13
17 9
9 8
8 8
19 9
15 8
8 7
18 21
1 3
9 3
9 2
11 16
21 9
8 12
7 3
11 19
1 20
4 10
18 15
19 12
12 1
18 8
19 7
21 18
13 17
18 7
6 4
11 18
